((("flycheck-scss-compass" .
   [1 0 0 0 0 0 0 0 0 0 0 0 0 0 0 0 0 0 0 0 0])
  ("sass" .
   [1 0 0 0])
  ("Println" .
   [1 0 0 0 0 0 0])
  ("main" .
   [3 0 0 0])
  ("$GOPATH" .
   [2 0 0 0 0 0 0])
  ("PATH=$PATH:$GOPATH/bin" .
   [2 0 0 0 0 0 0 0 0 0 0 0 0 0 0 0 0 0 0 0 0 0])
  ("go" .
   [4 0])
  ("build" .
   [1 0 0 0 0])
  ("install" .
   [1 0 0 0 0 0 0])
  ("run" .
   [2 0 0])
  ("hello" .
   [11 0 0 0 0])
  ("open" .
   [1 0 0 0])
  (".." .
   [10 0])
  ("cd" .
   [7 0])
  ("ls" .
   [1 0])
  ("Visade" .
   [1 0 0 0 0 0])
  ("Sändna" .
   [1 0 0 0 0 0])
  ("Number" .
   [1 0 0 0 0 0])
  ("Sum" .
   [2 0 0])
  ("BHead" .
   [1 0 0 0 0])
  ("AHead" .
   [1 0 0 0 0])
  ("PID" .
   [2 0 0])
  ("spawnWrapper" .
   [3 0 0 0 0 0 0 0 0 0 0 0])
  ("e" .
   [1])
  ("format" .
   [3 0 0 0 0 0])
  ("io" .
   [3 0])
  ("none" .
   [3 0 0 0])
  ("processLoop" .
   [5 0 0 0 0 0 0 0 0 0 0])
  ("lists" .
   [2 0 0 0 0])
  ("prepend_list" .
   [0 0 0 0 0 0 0 1 0 0 0 0])
  ("fun" .
   [1 0 0])
  ("calculate" .
   [0 0 0 0 0 0 0 0 1])
  ("calculation" .
   [1 0 0 0 1 0 0 0 0 0 0])
  ("correct" .
   [1 0 0 0 0 0 0])
  ("ending" .
   [0 0 0 0 0 1])
  ("tbi" .
   [8 0 0])
  ("receive" .
   [1 0 0 0 0 0 0])
  ("receiveLoop" .
   [1 0 0 0 0 0 0 0 0 0 0])
  ("spec" .
   [1 0 0 0])
  ("alias" .
   [1 0 0 0 0])
  ("down" .
   [1 0 0 0])
  ("connectToDB" .
   [2 0 0 0 0 0 0 0 0 0 0])
  ("global" .
   [1 0 0 0 0 0])
  ("$author" .
   [0 0 0 0 1 0 0])
  ("$text" .
   [0 0 0 1 0])
  ("bind_param" .
   [0 0 0 0 0 0 0 1 0 0])
  ("entries" .
   [1 0 0 0 0 0 0])
  ("addEntry" .
   [1 0 0 0 0 0 0 0])
  ("author" .
   [2 0 0 0 0 0])
  ("text" .
   [2 0 0 0])
  ("$_POST" .
   [3 0 0 0 0 0])
  ("LIMIT" .
   [1 0 0 0 0])
  ("ORDER" .
   [1 0 0 0 0])
  ("getRandom" .
   [0 0 0 0 0 1 0 0 0])
  ("elseif" .
   [2 0 0 0 0 0])
  ("getAll" .
   [1 0 0 0 0 0])
  ("isset" .
   [5 0 0 0 0])
  ("$_GET" .
   [3 0 0 0 0])
  ("JSON_PRETTY_PRINT" .
   [0 0 0 0 0 1 1 0 0 0 0 0 0 0 0 0 0])
  ("json_encode" .
   [1 0 0 0 1 0 0 0 0 0 0])
  ("$mysqli" .
   [3 0 0 0 0 0 0])
  ("close" .
   [2 0 0 0 0])
  ("$results" .
   [2 0 0 0 0 0 0 0])
  ("php" .
   [1 0 0])
  ("selectResults" .
   [2 0 0 0 0 0 0 0 0 0 0 0 0])
  ("require_once" .
   [0 0 0 0 0 0 0 1 0 0 0 0])
  ("$stmt" .
   [3 0 0 0 0])
  ("FROM" .
   [1 0 0 0])
  ("SELECT" .
   [1 0 0 0 0 0])
  ("prepare" .
   [1 0 0 0 0 0 0])
  ("call" .
   [1 0 0 0])
  ("write" .
   [1 0 0 0 0])
  ("pipe" .
   [4 0 0 0])
  ("each" .
   [1 0 0 0])
  ("descriptors" .
   [0 0 0 0 0 0 0 0 1 0 0])
  ("file" .
   [1 0 0 0])
  ("when" .
   [1 0 0 0])
  ("function" .
   [3 0 0 0 0 0 0 1])
  ("handler" .
   [1 0 0 0 0 0 0])
  ("signal" .
   [3 0 0 0 0 0])
  ("between" .
   [1 0 0 0 0 0 0])
  ("and" .
   [1 0 0])
  ("data" .
   [1 0 0 0])
  ("all" .
   [2 0 0])
  ("then" .
   [2 0 0 0])
  ("state" .
   [1 0 0 0 0])
  ("Process" .
   [1 0 0 0 0 0 0])
  ("read" .
   [1 0 0 0])
  ("value" .
   [3 0 0 0 0])
  ("PCB" .
   [2 0 0])
  ("return" .
   [8 0 0 0 0 0])
  ("until" .
   [1 0 0 0 0])
  ("zombie" .
   [2 0 0 0 0 0])
  ("called" .
   [1 0 0 0 0 0])
  ("memory" .
   [1 0 0 0 0 0])
  ("not" .
   [1 0 0])
  ("error" .
   [1 0 0 0 0])
  ("status" .
   [2 0 0 0 0 0])
  ("used" .
   [1 0 0 0])
  ("system" .
   [2 0 0 0 0 0])
  ("fork" .
   [3 0 0 0])
  ("parent" .
   [2 0 0 0 0 0])
  ("child" .
   [1 0 0 0 0])
  ("specific" .
   [2 0 0 0 0 0 0 0])
  ("===" .
   [3 0 0])
  ("processes" .
   [4 0 0 0 0 0 0 0 0])
  ("process" .
   [13 0 0 0 0 0 0])
  ("**Answer**" .
   [2 0 1 5 11 3 3 0 1 2])
  ("persons" .
   [1 0 0 0 0 0 0])
  ("numberOfEntries" .
   [1 0 0 0 0 0 0 0 0 0 1 0 0 0 0])
  ("address_book" .
   [3 0 0 0 0 0 0 0 0 0 0 1])
  ("Address_book" .
   [1 0 0 0 0 0 0 0 0 0 0 0])
  ("print_address_book" .
   [0 0 0 0 0 0 0 0 0 1 0 0 0 0 0 0 0 0])
  ("phone" .
   [1 0 0 0 0])
  ("age" .
   [1 0 0])
  ("name" .
   [1 0 0 0])
  ("person" .
   [6 0 0 0 0 0])
  ("Person" .
   [1 0 0 0 0 0])
  ("print_person" .
   [2 0 0 0 0 1 0 0 0 0 0 0])
  ("mottagaren" .
   [1 0 0 0 0 0 0 0 0 0])
  ("gäller" .
   [1 0 0 0 0 0])
  ("Återkallning" .
   [1 0 0 0 0 0 0 0 0 0 0 0])
  ("accept" .
   [1 0 0 0 0 0])
  ("anbud" .
   [1 0 0 0 0])
  ("sagt" .
   [1 0 0 0])
  ("det" .
   [1 0 0])
  ("av" .
   [1 0])
  ("bunden" .
   [1 0 0 0 0 0])
  ("vill" .
   [1 0 0 0])
  ("item" .
   [2 0 0 0])
  ("end" .
   [1 0 0])
  ("itemize" .
   [2 0 0 0 0 0 0])
  ("begin" .
   [1 0 0 0 0])
  ("AvtL" .
   [2 0 0 0])
  ("setq" .
   [1 0 0 0])
  ("$result" .
   [1 0 0 0 0 0 0])
  ("atoi" .
   [1 0 0 0])
  ("update" .
   [1 0 0 0 0 0])
  ("b" .
   [1])
  ("foo" .
   [2 0 0])
  ("Merge" .
   [1 0 0 0 0])
  ("traverse_object" .
   [0 0 0 0 0 0 0 0 0 1 0 0 0 0 0])
  ("count" .
   [13 0 0 0 0])
  ("puts" .
   [3 0 0 0])
  ("int" .
   [4 0 1])
  ("itermsg" .
   [0 0 0 0 0 1 0])
  ("recmsg" .
   [4 0 0 2 0 1])
  ("strcmp" .
   [1 0 0 0 0 0])
  ("stdlib" .
   [1 0 0 0 0 0])
  ("stdio" .
   [1 0 0 0 0])
  ("include" .
   [5 0 0 1 0 0 0])
  ("char" .
   [2 0 0 0])
  ("iter" .
   [5 0 0 0])
  ("argv" .
   [4 0 0 0])
  ("argc" .
   [1 0 0 0])
  ("if" .
   [3 0])
  ("else" .
   [5 0 0 0])
  ("fib_rec" .
   [5 0 0 0 0 0 0])
  ("fib_iter" .
   [1 0 0 0 0 0 0 0])
  ("updateForces" .
   [0 0 1 0 1 0 0 0 0 0 0 0])
  ("2" .
   [1])
  ("3" .
   [1])
  ("min" .
   [2 0 0])
  ("350" .
   [1 0 0])
  ("400" .
   [1 0 0])
  ("randomNumber" .
   [1 0 0 0 0 0 0 0 0 0 0 0])
  ("printf" .
   [6 0 0 0 0 0])
  ("i" .
   [5])
  ("20" .
   [6 0])
  ("temp" .
   [1 0 0 0])
  ("prec" .
   [5 0 0 0])
  ("newRand" .
   [2 0 0 0 0 0 0])
  ("r" .
   [1])
  ("rand" .
   [1 0 0 0])
  ("body" .
   [3 0 0 2])
  ("star" .
   [4 0 0 0])
  ("malloc" .
   [1 0 0 2 0 0])
  ("sizeof" .
   [0 0 0 1 0 0])
  ("longername" .
   [0 0 0 0 0 0 1 0 0 0])
  ("mass" .
   [0 0 1 0])
  ("counter" .
   [0 0 0 0 1 0 0])
  ("gc" .
   [1 0])
  ("-lm" .
   [1 0 0])
  ("-->" .
   [3 0 0])
  ("buff" .
   [2 0 0 0])
  ("str" .
   [3 0 0])
  ("endif" .
   [1 0 0 0 0])
  ("root" .
   [2 0 0 0])
  ("section" .
   [3 0 0 0 0 0 0])
  ("Operating" .
   [0 0 0 0 1 0 0 0 0])
  ("./craps" .
   [1 0 0 0 0 0 0])
  ("pid" .
   [12 0 0])
  ("shooter" .
   [2 0 0 0 0 0 0])
  ("NUM_PLAYERS" .
   [0 0 0 1 0 0 0 0 0 0 0])
  ("SIG" .
   [1 0 0])
  ("exit" .
   [1 0 0 0])
  ("free" .
   [1 0 0 0])
  ("kill" .
   [1 0 0 0])
  ("EXIT_SUCCESS" .
   [0 0 0 0 0 0 1 0 0 0 0 0])
  ("signum" .
   [1 0 0 0 0 0])
  ("SIGUSR1" .
   [1 0 0 0 0 0 0])
  ("npm" .
   [1 0 0])
  ("uninstall" .
   [1 0 0 0 0 0 0 0 0])
  ("grunt-rename" .
   [0 0 0 0 0 0 0 0 0 1 0 0])
  ("copy" .
   [2 0 0 0])
  ("grunt" .
   [1 0 0 0 0])
  ("rename" .
   [1 0 0 0 0 0])
  ("normalize" .
   [2 0 0 0 0 0 0 0 0])
  ("git" .
   [1 0 0])
  ("double" .
   [5 0 0 0 0 0])
  ("test" .
   [4 0 0 0])
  ("Second" .
   [1 0 0 0 0 0])
  ("length" .
   [1 0 0 0 0 0])
  ("Prior_sublist" .
   [1 0 0 0 0 0 0 0 0 0 0 0 0])
  ("new" .
   [1 0 0])
  ("ets" .
   [2 0 0])
  ("ingredients" .
   [1 0 0 0 0 0 0 1 0 0 0])
  ("add" .
   [1 0 0])
  ("othertest" .
   [2 0 0 0 0 0 0 0 0])
  ("other" .
   [1 0 0 0 0])
  ("<row>" .
   [1 0 0 0 0])
  ("<label>" .
   [1 0 0 0 0 0 0])
  ("</label>" .
   [1 0 0 0 0 0 0 0])
  ("</row>" .
   [1 0 0 0 0 0])
  ("title1" .
   [1 0 0 0 0 0])
  ("index" .
   [1 0 0 0 0])
  ("godoc" .
   [2 0 0 0 0])
  ("-http=:6060" .
   [0 0 0 0 1 1 0 0 0 0 0])
  ("stringutil" .
   [3 0 0 0 0 0 0 0 0 0])
  ("GOBIN" .
   [1 0 0 0 0])
  ("MsgBox" .
   [1 0 0 0 0 0])
  ("Zone" .
   [1 0 0 0])
  ("zone" .
   [1 0 0 0])
  ("nil" .
   [1 0 0])
  ("PDO" .
   [3 0 0])
  ("define" .
   [1 0 0 0 0 0])
  ("$config" .
   [5 0 0 0 0 0 0])))
